9.619556	6.540061
10.551756	7.647080
11.581046	8.869401
12.707456	10.207021
13.930956	11.659970
15.232136	13.205160
16.649857	14.888741
18.164665	16.687601
19.776537	18.601791
21.485605	20.631340
23.291746	22.776131
10.879985	6.548177
11.836905	7.655197
12.893525	8.877517
14.049815	10.215137
15.305785	11.668087
16.641495	13.213277
18.096825	14.896857
19.651875	16.695717
21.306524	18.609907
23.060884	20.639458
24.914965	22.784246
11.763477	6.556015
12.725877	7.663034
13.788517	8.885354
14.951407	10.222975
16.214537	11.675924
17.557886	13.221114
19.021517	14.904695
20.585457	16.703554
22.249537	18.617744
24.013937	20.647295
25.878557	22.792084
12.634837	6.564545
13.597237	7.671565
14.659877	8.893885
15.822767	10.231505
17.085897	11.684455
18.429247	13.229645
19.892878	14.913225
21.456818	16.712086
23.120897	18.626274
24.885298	20.655825
26.749916	22.800615
13.385487	6.571656
14.347887	7.678676
15.410527	8.900995
16.573418	10.238616
17.836548	11.691566
19.179897	13.236755
20.643526	14.920336
22.207466	16.719196
23.871548	18.633387
25.635946	20.662935
27.500566	22.807726
14.209047	6.579247
15.171447	7.686268
16.234087	8.908587
17.396976	10.246207
18.660107	11.699158
20.003456	13.244348
21.467087	14.927928
23.031027	16.726788
24.695107	18.640978
26.459507	20.670528
28.324127	22.815317
10.050296	6.538733
10.982496	7.645753
12.011786	8.868073
13.138196	10.205693
14.361696	11.658644
15.662876	13.203834
17.080597	14.887413
18.595406	16.686274
20.207275	18.600464
21.916346	20.630014
23.722486	22.774803
11.538615	6.546889
12.495535	7.653909
13.552155	8.876229
14.708445	10.213849
15.964415	11.666800
17.300125	13.211989
18.755455	14.895569
20.310505	16.694429
21.965155	18.608620
23.719515	20.638168
25.573595	22.782959
12.633287	6.551281
13.595687	7.658301
14.658327	8.880621
15.821217	10.218241
17.084347	11.671191
18.427696	13.216381
19.891327	14.899961
21.455267	16.698822
23.119347	18.613010
24.883747	20.642561
26.748367	22.787352
13.578987	6.562958
14.541387	7.669979
15.604027	8.892299
16.766916	10.229918
18.030046	11.682868
19.373398	13.228059
20.837027	14.911638
22.400967	16.710499
24.065046	18.624689
25.829447	20.654238
27.694067	22.799028
14.557607	6.570932
15.520007	7.677952
16.582647	8.900272
17.745537	10.237892
19.008667	11.690842
20.352016	13.236032
21.815647	14.919612
23.379587	16.718472
25.043667	18.632662
26.808067	20.662212
28.672688	22.807003
15.393657	6.577711
16.356056	7.684731
17.418697	8.907050
18.581587	10.244671
19.844717	11.697620
21.188066	13.242810
22.651697	14.926391
24.215637	16.725250
25.879717	18.639441
27.644117	20.668991
29.508738	22.813780
10.504826	6.505970
11.437026	7.612991
12.466316	8.835311
13.592726	10.172931
14.816226	11.625880
16.117407	13.171071
17.535126	14.854650
19.049936	16.653511
20.661806	18.567701
22.370876	20.597250
24.177015	22.742041
11.903225	6.505977
12.860145	7.612997
13.916765	8.835318
15.073055	10.172937
16.329025	11.625887
17.664736	13.171077
19.120066	14.854657
20.675116	16.653517
22.329765	18.567707
24.084126	20.597258
25.938206	22.742046
13.021667	6.505984
13.984067	7.613004
15.046707	8.835324
16.209597	10.172944
17.472727	11.625895
18.816076	13.171084
20.279707	14.854664
21.843647	16.653524
23.507727	18.567715
25.272127	20.597263
27.136747	22.742054
14.090557	6.505991
15.052957	7.613010
16.115597	8.835331
17.278486	10.172951
18.541616	11.625900
19.884968	13.171090
21.348597	14.854671
22.912537	16.653530
24.576616	18.567720
26.341017	20.597271
28.205637	22.742060
15.158907	6.505997
16.121307	7.613017
17.183947	8.835338
18.346836	10.172957
19.609966	11.625907
20.953318	13.171097
22.416946	14.854677
23.980886	16.653538
25.644966	18.567728
27.409367	20.597277
29.273987	22.742067
16.084646	6.506003
17.047047	7.613023
18.109688	8.835343
19.272577	10.172963
20.535707	11.625913
21.879057	13.171103
23.342688	14.854683
24.906628	16.653543
26.570707	18.567734
28.335108	20.597282
30.199726	22.742073
10.506966	6.505989
11.439166	7.613008
12.468456	8.835328
13.594866	10.172949
14.818366	11.625898
16.119547	13.171088
17.537266	14.854669
19.052076	16.653528
20.663946	18.567719
22.373016	20.597269
24.179155	22.742058
11.904815	6.506000
12.861735	7.613019
13.918355	8.835340
15.074645	10.172959
16.330614	11.625910
17.666325	13.171100
19.121655	14.854679
20.676704	16.653540
22.331354	18.567730
24.085714	20.597279
25.939795	22.742069
13.022357	6.506011
13.984757	7.613031
15.047397	8.835351
16.210287	10.172971
17.473417	11.625921
18.816767	13.171111
20.280397	14.854692
21.844337	16.653551
23.508417	18.567741
25.272818	20.597292
27.137438	22.742081
14.089877	6.506022
15.052277	7.613042
16.114918	8.835361
17.277807	10.172982
18.540937	11.625932
19.884287	13.171122
21.347918	14.854702
22.911858	16.653563
24.575937	18.567751
26.340338	20.597301
28.204956	22.742092
15.156507	6.506033
16.118908	7.613053
17.181547	8.835373
18.344437	10.172993
19.607567	11.625943
20.950916	13.171133
22.414547	14.854712
23.978487	16.653572
25.642567	18.567762
27.406967	20.597313
29.271587	22.742104
16.080147	6.506043
17.042547	7.613063
18.105186	8.835383
19.268078	10.173003
20.531206	11.625953
21.874557	13.171144
23.338186	14.854723
24.902126	16.653584
26.566208	18.567774
28.330606	20.597322
30.195227	22.742113
10.564846	6.505944
11.497046	7.612965
12.526336	8.835284
13.652746	10.172904
14.876246	11.625854
16.177425	13.171044
17.595146	14.854625
19.109957	16.653484
20.721827	18.567675
22.430897	20.597225
24.237036	22.742014
12.229565	6.505945
13.186485	7.612965
14.243105	8.835284
15.399395	10.172905
16.655365	11.625854
17.991076	13.171044
19.446405	14.854625
21.001455	16.653484
22.656105	18.567675
24.410465	20.597225
26.264545	22.742014
13.446617	6.505945
14.409017	7.612965
15.471657	8.835285
16.634546	10.172905
17.897676	11.625854
19.241028	13.171044
20.704657	14.854625
22.268597	16.653484
23.932676	18.567675
25.697077	20.597225
27.561697	22.742014
14.588337	6.505945
15.550737	7.612965
16.613377	8.835285
17.776266	10.172905
19.039396	11.625855
20.382748	13.171045
21.846376	14.854625
23.410316	16.653484
25.074396	18.567675
26.838797	20.597225
28.703417	22.742016
15.730007	6.505945
16.692408	7.612965
17.755047	8.835285
18.917936	10.172905
20.181067	11.625855
21.524418	13.171045
22.988047	14.854625
24.551987	16.653484
26.216066	18.567675
27.980467	20.597225
29.845087	22.742016
16.719347	6.505945
17.681747	7.612965
18.744387	8.835285
19.907276	10.172905
21.170406	11.625855
22.513758	13.171045
23.977386	14.854626
25.541327	16.653486
27.205406	18.567675
28.969807	20.597225
30.834427	22.742016
10.177086	6.511711
11.109286	7.618731
12.138576	8.841051
13.264986	10.178671
14.488486	11.631620
15.789666	13.176810
17.207386	14.860391
18.722197	16.659250
20.334066	18.573441
22.043137	20.602991
23.849276	22.747780
11.629085	6.513115
12.586005	7.620135
13.642625	8.842455
14.798915	10.180075
16.054886	11.633025
17.390594	13.178215
18.845924	14.861794
20.400974	16.660654
22.055626	18.574844
23.809984	20.604395
25.664064	22.749186
12.673657	6.514518
13.636057	7.621538
14.698697	8.843858
15.861587	10.181478
17.124718	11.634428
18.468067	13.179618
19.931698	14.863198
21.495638	16.662058
23.159718	18.576248
24.924116	20.605799
26.788736	22.750587
13.656697	6.515907
14.619097	7.622927
15.681737	8.845247
16.844627	10.182867
18.107758	11.635817
19.451107	13.181006
20.914738	14.864587
22.478678	16.663446
24.142757	18.577637
25.907158	20.607187
27.771776	22.751976
14.630397	6.517279
15.592797	7.624299
16.655437	8.846620
17.818327	10.184239
19.081457	11.637189
20.424807	13.182379
21.888437	14.865959
23.452377	16.664820
25.116457	18.579010
26.880857	20.608559
28.745478	22.753349
15.468497	6.518461
16.430897	7.625482
17.493538	8.847801
18.656427	10.185421
19.919558	11.638371
21.262907	13.183561
22.726538	14.867142
24.290478	16.666002
25.954557	18.580191
27.718958	20.609741
29.583576	22.754532
10.420646	6.510008
11.352846	7.617028
12.382136	8.839348
13.508546	10.176968
14.732046	11.629918
16.033226	13.175108
17.450947	14.858688
18.965755	16.657549
20.577625	18.571737
22.286695	20.601288
24.092836	22.746078
11.927225	6.511015
12.884145	7.618035
13.940765	8.840355
15.097055	10.177975
16.353025	11.630925
17.688734	13.176115
19.144066	14.859695
20.699116	16.658556
22.353765	18.572744
24.108126	20.602295
25.962206	22.747086
13.046967	6.512013
14.009367	7.619033
15.072007	8.841353
16.234898	10.178973
17.498028	11.631924
18.841377	13.177114
20.305008	14.860694
21.868946	16.659554
23.533028	18.573744
25.297426	20.603294
27.162046	22.748083
14.106527	6.513012
15.068927	7.620033
16.131567	8.842353
17.294456	10.179973
18.557587	11.632922
19.900936	13.178113
21.364567	14.861692
22.928507	16.660553
24.592587	18.574743
26.356987	20.604292
28.221607	22.749083
15.161207	6.514006
16.123608	7.621026
17.186247	8.843346
18.349136	10.180965
19.612267	11.633916
20.955618	13.179106
22.419247	14.862686
23.983187	16.661545
25.647266	18.575735
27.411667	20.605286
29.276287	22.750076
16.072348	6.514859
17.034746	7.621879
18.097387	8.844199
19.260277	10.181819
20.523407	11.634769
21.866756	13.179959
23.330387	14.863539
24.894327	16.662399
26.558407	18.576590
28.322807	20.606138
30.187428	22.750929
13.311716	6.506172
14.243916	7.613192
15.273206	8.835512
16.399616	10.173132
17.623116	11.626081
18.924295	13.171272
20.342016	14.854852
21.856827	16.653711
23.468697	18.567902
25.177767	20.597452
26.983906	22.742243
15.587335	6.506228
16.544254	7.613249
17.600876	8.835568
18.757166	10.173188
20.013136	11.626139
21.348845	13.171329
22.804174	14.854909
24.359224	16.653769
26.013874	18.567959
27.768234	20.597509
29.622314	22.742298
17.433447	6.506284
18.395847	7.613305
19.458487	8.835625
20.621378	10.173244
21.884506	11.626194
23.227858	13.171385
24.691486	14.854964
26.255426	16.653824
27.919506	18.568014
29.683907	20.597565
31.548527	22.742353
19.237448	6.506341
20.199846	7.613361
21.262487	8.835681
22.425377	10.173302
23.688507	11.626251
25.031857	13.171441
26.495487	14.855021
28.059427	16.653881
29.723507	18.568071
31.487907	20.597622
33.352528	22.742411
21.040747	6.506395
22.003147	7.613415
23.065786	8.835735
24.228678	10.173355
25.491808	11.626306
26.835157	13.171495
28.298786	14.855076
29.862726	16.653936
31.526808	18.568125
33.291206	20.597675
35.155827	22.742466
22.601948	6.506447
23.564346	7.613468
24.626987	8.835788
25.789877	10.173408
27.053007	11.626357
28.396357	13.171548
29.859987	14.855127
31.423927	16.653988
33.088009	18.568178
34.852406	20.597727
36.717026	22.742517
10.808906	6.513731
11.741106	7.620751
12.770396	8.843071
13.896806	10.180692
15.120306	11.633641
16.421486	13.178831
17.839207	14.862411
19.354015	16.661272
20.965885	18.575460
22.674955	20.605011
24.481096	22.749802
12.343165	6.515403
13.300085	7.622424
14.356705	8.844744
15.512995	10.182364
16.768965	11.635313
18.104675	13.180504
19.560005	14.864083
21.115055	16.662943
22.769705	18.577133
24.524065	20.606684
26.378145	22.751474
13.386297	6.517024
14.348697	7.624043
15.411337	8.846364
16.574226	10.183984
17.837357	11.636933
19.180708	13.182123
20.644337	14.865704
22.208277	16.664564
23.872356	18.578754
25.636757	20.608303
27.501377	22.753094
14.312347	6.518534
15.274747	7.625555
16.337387	8.847875
17.500277	10.185494
18.763407	11.638444
20.106756	13.183635
21.570387	14.867214
23.134327	16.666075
24.798407	18.580265
26.562807	20.609814
28.427427	22.754604
15.184137	6.519957
16.146538	7.626977
17.209177	8.849297
18.372066	10.186916
19.635197	11.639867
20.978546	13.185057
22.442177	14.868637
24.006117	16.667498
25.670197	18.581686
27.434597	20.611237
29.299217	22.756027
15.906157	6.521135
16.868557	7.628155
17.931196	8.850475
19.094088	10.188095
20.357218	11.641045
21.700567	13.186234
23.164198	14.869815
24.728136	16.668674
26.392218	18.582865
28.156616	20.612415
30.021236	22.757204
11.170106	6.511393
12.102306	7.618412
13.131596	8.840733
14.258006	10.178352
15.481506	11.631303
16.782686	13.176493
18.200405	14.860072
19.715216	16.658932
21.327085	18.573122
23.036156	20.602673
24.842297	22.747463
12.850135	6.512640
13.807055	7.619659
14.863675	8.841979
16.019964	10.179600
17.275934	11.632549
18.611645	13.177739
20.066975	14.861320
21.622025	16.660179
23.276674	18.574369
25.031034	20.603920
26.885115	22.748709
14.045957	6.513833
15.008357	7.620852
16.070997	8.843173
17.233887	10.180793
18.497017	11.633742
19.840366	13.178932
21.303997	14.862513
